0.009952856942193018 0.021354604154771535
0.01171058262263431 0.02389489270460285
0.013107212921204217 0.0261593602447472
0.015278884170712785 0.029362742069512608
0.018961147679102033 0.03475497249550723
0.023308475517406446 0.0401226704316699
0.028210889180596572 0.04660951418542712
0.037269060367215286 0.05745423334401549
0.05032564687185047 0.07193647494180247
0.06343445274748366 0.0851470275530568
0.07511507441571409 0.09768559103068913
0.09892127252277456 0.11966471248879888
0.11494594360412007 0.1330662128055284
0.13441384659653152 0.15029659876318652
0.15915834264360296 0.17135560122013122
0.19937771109790103 0.20409412738060895
0.23312331009124954 0.22695105366946725
0.26921609621705167 0.2539485647837104
0.31284537339404617 0.2850461990240869
0.3545386732098239 0.31108663694565586
0.4290834477149286 0.35801259462938784
0.5128045355432208 0.4031101456612593
0.6402103502444596 0.4581597669054498
0.8298639383133367 0.5372414239525858
1.0993458079954554 0.6241000786166999
1.3425226680851894 0.6789916082043389
1.7667988712995677 0.7433381811652184
2.5057098605892523 0.8188801409931415
3.711315706823367 0.8743693293301895
5.132381867474321 0.9162920073416151
6.922396216878242 0.9483074284002525
8.636184799477151 0.9602247180391095
10.060761715249233 0.9722917711281761
