0.009873256594203007 0.04420014853616744
0.011470050860243906 0.047342832421257926
0.013835668171741393 0.05264485480106144
0.018910490170234367 0.06231265718676228
0.026087855813372612 0.07306826809215247
0.03576723358654641 0.08621706218407238
0.05203815938034616 0.10528654667276219
0.06936725335284111 0.1223087780021052
0.0918894018777405 0.14119863830457985
0.12520084222683991 0.1666076410030546
0.1643055425357157 0.19173962091790225
0.22738674344907586 0.2269510536694672
0.2993328786197722 0.2603713652707969
0.4142703547933655 0.31011689265747827
0.5385854343868872 0.35467494370490293
0.6914970209532114 0.40185353828943676
0.8741041324304184 0.45530779408567346
1.1984913332501725 0.5422971076628477
1.5100711733120566 0.6011502760142103
2.115421092179487 0.6789916082043388
2.6981779786834528 0.725001630112101
3.7087776125679346 0.7814143023677398
4.67146405597707 0.8214408023380471
5.703281038211926 0.8554672535565692
7.228016235160821 0.8881259836368212
9.160205423817493 0.9191572783457452

