0.009981120254952347 0.09468282046132724
0.012497414138887783 0.10430498975239187
0.018175722283105544 0.11966471248879901
0.030512686367620067 0.14252738107042182
0.039413682835463926 0.15701176781122322
0.06596164340290447 0.18759460264951017
0.0938559873686569 0.21254829577538184
0.1452868011874345 0.24768420094365706
0.21129509988253878 0.2832718310618189
0.31505745035062527 0.3260020559532285
0.4019030370948411 0.3557840222780506
0.48163594876805915 0.37635112652582475
0.6458394337418056 0.4158943791230977
0.916064384006958 0.46828308909512645
1.3076713282374257 0.5406066154970169
1.7978339757336252 0.6030300899176249
2.5339883775443752 0.6684743471363521
3.8971589230317134 0.7456626206666985
5.526819475574856 0.8163274619477574
7.886173311837625 0.8798462343910909
9.045939290220156 0.9049199638604193
10.057512073191823 0.9220315091332862
